  0.00    220.00      1.14
  0.50   2176.49      1.04
  1.00   3951.88      0.94
  1.50   5554.89      0.84
  2.00   6994.08      0.76
  2.50   8277.81      0.67
  3.00   9414.28      0.59
  3.50  10411.49      0.52
  4.00  11277.28      0.45
  4.50  12019.29      0.38
  5.00  12645.00      0.32
  5.50  13161.69      0.26
  6.00  13576.48      0.20
  6.50  13896.29      0.15
  7.00  14127.88      0.11
  7.50  14277.81      0.06
  8.00  14352.48      0.02
  8.50  14358.09     -0.01
  9.00  14300.68     -0.05
  9.50  14186.09     -0.08
 10.00  14020.00     -0.11
 10.50  13807.89     -0.13
 11.00  13555.08     -0.15
 11.50  13266.69     -0.17
 12.00  12947.68     -0.18
 12.50  12602.81     -0.20
 13.00  12236.68     -0.21
 13.50  11853.69     -0.22
 14.00  11458.08     -0.22
 14.50  11053.89     -0.23
 15.00  10645.00     -0.23
 15.50  10235.09     -0.23
 16.00   9827.68     -0.23
 16.50   9426.09     -0.22
 17.00   9033.48     -0.22
 17.50   8652.81     -0.21
 18.00   8286.88     -0.20
 18.50   7938.29     -0.19
 19.00   7609.48     -0.18
 19.50   7302.69     -0.16
 20.00   7020.00     -0.15
 20.50   6763.29     -0.14
 21.00   6534.28     -0.12
 21.50   6334.49     -0.10
 22.00   6165.28     -0.09
 22.50   6027.81     -0.07
 23.00   5923.08     -0.05
 23.50   5851.89     -0.03
 24.00   5814.88     -0.01
 24.50   5812.49      0.01
 25.00   5845.00      0.03
 25.50   5912.49      0.05
 26.00   6014.88      0.07
 26.50   6151.89      0.09
 27.00   6323.08      0.10
 27.50   6527.81      0.12
 28.00   6765.28      0.14
 28.50   7034.49      0.16
 29.00   7334.28      0.17
 29.50   7663.29      0.19
 30.00   8020.00      0.21
 30.50   8402.69      0.22
 31.00   8809.48      0.23
 31.50   9238.29      0.24
 32.00   9686.88      0.25
 32.50  10152.81      0.26
 33.00  10633.48      0.27
 33.50  11126.09      0.28
 34.00  11627.68      0.28
 34.50  12135.09      0.28
 35.00  12645.00      0.28
 35.50  13153.89      0.28
 36.00  13658.08      0.28
 36.50  14153.69      0.27
 37.00  14636.68      0.26
 37.50  15102.81      0.25
 38.00  15547.68      0.24
 38.50  15966.69      0.22
 39.00  16355.08      0.21
 39.50  16707.89      0.19
 40.00  17020.00      0.16
 40.50  17286.09      0.13
 41.00  17500.68      0.10
 41.50  17658.09      0.07
 42.00  17752.48      0.03
 42.50  17777.81     -0.01
 43.00  17727.88     -0.05
 43.50  17596.29     -0.10
 44.00  17376.48     -0.15
 44.50  17061.69     -0.20
 45.00  16645.00     -0.26
 45.50  16119.29     -0.32
 46.00  15477.28     -0.39
 46.50  14711.49     -0.46
 47.00  13814.28     -0.54
 47.50  12777.81     -0.62
 48.00  11594.08     -0.70
